Guitar Lab - Original,guitar-lab---original
0,0,8.989,9.462
90
837d614e2d894c7bd06abb22e3594100,3.137,0.000,000
685d619a40803946c685f1422abc5629,1.091,9.462,180
f58e0596f17b62a2b8eca7fb57541f19,8.989,1.946,270
bc54fceee569aeb04b0e29d3a2438905,8.989,7.290,270
c8b7b9f7d8b142bcc78ffed4fe8dd834,3.037,9.462,180
676ca537da004748c7e24b3b36f74725,0.000,7.477,090
11e9494595dc2db43f57ff02a26f3e14,0.000,5.632,090
d97ea8117eee818d3fb9888baff15611,0.000,1.838,090
END
0.432, 0.000
0.432, 1.618
0.000, 1.618
0.000, 9.179
0.432, 9.179
0.432, 9.462
8.989, 9.462
8.989, 0.000